10
26
29
30
31
32
35
37
38
42
43
47
50
51
53
56
65
71
74
79
80
85
88
91
92
93
94
98
99
102
103
108
111
113
116
117
118
120
124
133
136
138
139
145
147
148
149
151
155
156
160
164
166
168
174
184
188
190
191
192
193
194
198
201
203
204
206
207
211
213
215
217
221
225
227
228
229
236
238
240
241
242
251
253
254
257
259
260
261
266
267
276
277
280
281
290
298
303
306
307
310
311
312
313
318
320
324
325
326
327
329
331
332
333
334
339
343
344
345
350
351
352
354
355
356
357
359
360
361
363
365
368
372
376
378
383
386
387
389
390
393
394
395
396
397
400
401
403
409
412
413
419
424
425
428
448
450
456
462
463
469
473
475
478
483
485
486
487
488
491
495
497
499
502
503
504
505
506
508
511
512
516
522
523
524
528
529
531
533
534
535
537
540
545
546
548
549
551
554
555
560
561
563
569
571
574
577
578
580
585
588
589
590
591
594
595
596
600
602
605
606
608
609
612
617
626
628
629
631
632
633
634
635
637
640
641
642
644
645
648
652
653
654
657
658
663
665
667
671
672
673
682
683
684
686
688
689
690
691
692
695
700
702
703
704
707
708
709
711
712
714
715
716
717
718
720
723
725
726
734
738
740
742
743
745
746
754
755
756
759
761
764
765
768
769
775
781
782
784
786
787
788
789
791
792
797
798
803
806
807
808
809
812
813
814
816
817
818
820
823
825
828
829
831
832
835
838
839
842
843
850
852
854
856
857
862
864
865
868
869
870
871
873
874
875
882
883
884
885
889
890
893
894
895
897
903
908
909
912
914
915
918
919
926
927
928
930
931
932
933
936
937
938
941
942
944
945
946
947
949
950
951
952
956
960
961
963
966
967
968
971
976
977
980
981
989
990
992
993
994
996
997
1000
1001
1004
1005
1006
1007
1009
1010
1011
1015
1018
1019
1020
1021
1022
1023
1030
1032
1034
1035
1039
1042
1043
1045
1050
1055
1056
1060
1061
1062
1064
1065
1067
1068
1072
1075
1076
1077
1078
1081
1082
1083
1084
1088
1092
1097
1098
1100
1101
1106
1107
1108
1109
1112
1114
1116
1117
1118
1119
1120
1124
1128
1132
1136
1143
1144
1147
1148
1150
1152
1153
1155
1156
1160
1162
1163
1164
1168
1169
1172
1173
1177
1184
1188
1189
1190
1191
1192
1195
1196
1197
1198
1199
1200
1201
1203
1204
1205
1207
1208
1211
1214
1215
1218
1219
1221
1222
1224
1225
1226
1227
1228
1229
1231
1237
1239
1240
1241
1244
1245
1246
1247
1251
1253
1257
1258
1259
1260
1261
1262
1263
1265
1266
1267
1268
1269
1270
1271
1272
1274
1275
1277
1278
1279
1280
1281
1284
1288
1289
1293
1295
1297
1302
1305
1306
1307
1308
1309
1310
1312
1313
1316
1317
1321
1323
1324
1329
1332
1340
1342
1344
1347
1354
1356
1357
1358
1360
1365
1366
1367
1368
1369
1370
1371
1374
1375
1380
1381
1385
1388
1389
1393
1396
1399
1404
1405
1407
1409
1410
1416
1417
1418
1419
1420
1421
1422
1425
1426
1428
1430
1432
1436
1437
1438
1440
1441
1442
1443
1444
1445
1446
1448
1449
1450
1451
1452
1454
1455
1456
1457
1458
1459
1461
1463
1465
1466
1467
1468
1469
1470
1471
1473
1474
1479
1481
1486
1487
1490
1496
1497
1502
1503
1504
1506
1509
1510
1514
1516
1519
1520
1521
1522
1523
1525
1529
1535
1538
1540
1542
1543
1544
1545
1548
1549
1551
1552
1554
1557
1558
1561
1562
1563
1564
1565
1573
1574
1575
1577
1580
1581
1582
1583
1584
1585
1586
1590
1591
1594
1596
1601
1602
1603
1604
1606
1608
1609
1610
1614
1615
1616
1617
1618
1619
1623
1625
1627
1629
1630
1631
1632
1634
1635
1637
1638
1640
1642
1643
1644
1646
1648
1650
1652
1659
1661
1662
1663
1664
1665
1666
1667
1668
1670
1671
1672
1673
1677
1678
1680
1687
1689
1690
1692
1693
1695
1699
1700
1702
1704
1705
1707
1708
1710
1712
1713
1714
1715
1716
1722
1723
1731
1740
1741
1742
1746
1749
1752
1754
1755
1758
1759
1762
1769
1774
1776
1777