29
37
43
46
56
65
79
85
100
120
138
139
164
166
182
273
282
285
299
302
304
306
311
313
316
317
358
390
398
407
409
414
417
421
428
448
463
475
482
483
491
523
529
555
564
572
580
584
605
608
610
620
628
629
632
633
645
651
657
671
686
688
691
693
696
700
704
709
715
743
754
768
775
782
789
813
819
823
829
894
960
993
1007
1022
1023
1043
1045
1050
1067
1100
1124
1168
1207
1247
1263
1272
1282
1305
1321
1325
1326
1335
1356
1360
1366
1375
1382
1418
1426
1428
1442
1444
1449
1455
1461
1465
1468
1471
1538
1551
1574
1585
1619
1630
1635
1687
1702
1705
1710
1739
1758
1762